# transform file sri_seg/samseg.talairach.lta
# created by matthis on Thu Jan 13 17:56:33 2022

type      = 0 # LINEAR_VOX_TO_VOX
nxforms   = 1
mean      = 0.0000 0.0000 0.0000
sigma     = 10000.0000
1 4 4
-1.078314900398254e+00 -2.886964706704021e-03 -4.064446315169334e-03 2.580313415527344e+02 
-6.358068436384201e-03 2.030900567770004e-01 -1.118983864784241e+00 1.804796447753906e+02 
1.180645823478699e-02 1.055753946304321e+00 2.249571382999420e-01 -2.320249366760254e+01 
1.805135902131403e-17 1.361410496240909e-17 4.938970533281633e-18 1.000000000000000e+00 
src volume info
valid = 1  # volume info valid
filename = 
volume = 240 240 155
voxelsize = 1.000000000000000e+00 1.000000000000000e+00 1.000000000000000e+00
xras   = 1.000000000000000e+00 0.000000000000000e+00 0.000000000000000e+00
yras   = 0.000000000000000e+00 1.000000000000000e+00 0.000000000000000e+00
zras   = 0.000000000000000e+00 0.000000000000000e+00 1.000000000000000e+00
cras   = 0.000000000000000e+00 -9.000000000000000e+00 9.500000000000000e+00
dst volume info
valid = 1  # volume info valid
filename = 
volume = 256 256 256
voxelsize = 1.000000000000000e+00 1.000000000000000e+00 1.000000000000000e+00
xras   = -1.000000000000000e+00 0.000000000000000e+00 0.000000000000000e+00
yras   = 0.000000000000000e+00 0.000000000000000e+00 -1.000000000000000e+00
zras   = 0.000000000000000e+00 1.000000000000000e+00 0.000000000000000e+00
cras   = 0.000000000000000e+00 0.000000000000000e+00 0.000000000000000e+00
