# transform file sri_seg/template.lta
# created by matthis on Thu Jan 13 17:56:32 2022

type      = 1 # LINEAR_RAS_TO_RAS
nxforms   = 1
mean      = 0.0000 0.0000 0.0000
sigma     = 10000.0000
1 4 4
9.274226427078247e-01 -3.065500874072313e-03 -2.752366010099649e-03 -1.394914835691452e-02 
-8.904152549803257e-03 9.119534492492676e-01 -1.833040267229080e-01 -1.887910485267639e+00 
-6.885677110403776e-03 1.655324697494507e-01 8.604148030281067e-01 1.287829041481018e+00 
-1.658601022053757e-17 -1.317765386554345e-17 -1.704359019858481e-18 1.000000000000000e+00 
src volume info
valid = 1  # volume info valid
filename = 
volume = 181 217 181
voxelsize = 1.000000000000000e+00 1.000000000000000e+00 1.000000000000000e+00
xras   = -1.000000000000000e+00 -0.000000000000000e+00 0.000000000000000e+00
yras   = -0.000000000000000e+00 1.000000000000000e+00 0.000000000000000e+00
zras   = 0.000000000000000e+00 -0.000000000000000e+00 1.000000000000000e+00
cras   = -5.000000000000000e-01 -1.750000000000000e+01 1.850000000000000e+01
dst volume info
valid = 1  # volume info valid
filename = 
volume = 240 240 155
voxelsize = 1.000000000000000e+00 1.000000000000000e+00 1.000000000000000e+00
xras   = 1.000000000000000e+00 0.000000000000000e+00 0.000000000000000e+00
yras   = 0.000000000000000e+00 1.000000000000000e+00 0.000000000000000e+00
zras   = 0.000000000000000e+00 0.000000000000000e+00 1.000000000000000e+00
cras   = 0.000000000000000e+00 -9.000000000000000e+00 9.500000000000000e+00
